1150
1210
1237
1371
1378
1689
1764
1796
2069
2073
2268
2410
2416
2645
2645
2741
2761
2948
3070
3091
3198
3277
3391
3426
3492
3730
3765
3801
3901
3950
4075
4206
4304
4540
4553
4581
4781
4848
4889
4942
5075
5138
5239
5254
5336
5403
5502
5525
5556
5561
5649
5731
5785
5844
5990
6103
6119
6141
6227
6282
6290
6330
6362
6393
6407
6446
6495
6550
6666
6754
6809
7016
7113
7170
7213
7302
7446
7485
7539
7602
7671
7695
7806
7918
8046
8098
8142
8230
8395
8873
8956
9036
9067
9105
9304
9349
9550
9641
9882
9937
