1168
1215
1226
1313
1376
1393
1566
1623
1722
1731
1910
2179
2238
2302
2382
2473
2578
2711
2750
3033
3052
3121
3130
3140
3216
3241
3317
3378
3566
3662
3761
3880
4036
4151
4152
4216
4330
4381
4470
4483
4527
4598
4649
4674
4776
4868
4959
5046
5060
5111
5160
5191
5191
5213
5239
5271
5351
5361
5414
5463
5521
5575
5604
5846
5877
5890
6045
6086
6167
6253
6289
6379
6478
6854
6975
7052
7073
7236
7382
7422
7746
7760
7769
7784
7823
7858
8142
8309
8380
8397
8595
8612
8623
8652
8836
8880
8974
9075
9578
9809
