9927
9973
1614
8320
6145
6944
6215
5962
8321
2529
7083
8822
5042
2190
6938
8995
1400
4549
7047
5325
9772
6954
1997
6063
5043
9124
3134
1067
1225
8182
7513
1491
2513
6707
8488
4581
5666
3885
7180
2794
9049
9415
3835
1655
5846
3894
5650
9620
5465
6710
4723
9831
5757
9750
7781
6481
5886
7401
2968
6923
9084
3772
9226
6506
5802
6979
2469
9418
8141
4084
7425
4256
1227
1678
1141
8685
4116
8874
8520
8521
2024
1688
8425
8400
5730
6847
1886
2019
1994
1517
8094
9847
3964
3976
4027
3377
6191
4719
2275
1496
