1274
4884
5407
7354
6378
4874
8732
9047
5247
4021
1346
7722
9720
6005
9981
4659
1640
3221
5994
4671
1726
9926
9230
6145
3254
8547
9470
8195
1188
6508
7761
5825
3288
9011
3261
7609
2599
8586
7170
8617
2510
9698
6657
7003
1844
1227
2782
5970
9468
8131
8971
8541
4723
1652
6424
1349
5654
9263
5101
7832
5405
1537
8859
8739
6261
5522
5435
1709
3745
3372
3060
3054
6052
7377
3162
2029
4269
3228
5302
3028
6765
4500
8728
3058
7538
9220
2102
2637
3587
2913
2956
3337
4486
9338
4213
1974
1839
7918
1743
6322
