1188
1227
1274
1346
1349
1537
1640
1652
1709
1726
1743
1839
1844
1974
2029
2102
2510
2599
2637
2782
2913
2956
3028
3054
3058
3060
3162
3221
3228
3254
3261
3288
3337
3372
3587
3745
4021
4213
4269
4486
4500
4659
4671
4723
4874
4884
5101
5247
5302
5405
5407
5435
5522
5654
5825
5970
5994
6005
6052
6145
6261
6322
6378
6424
6508
6657
6765
7003
7170
7354
7377
7538
7609
7722
7761
7832
7918
8131
8195
8541
8547
8586
8617
8728
8732
8739
8859
8971
9011
9047
9220
9230
9263
9338
9468
9470
9698
9720
9926
9981
